# t(min) G(mM) I(pM)
0.0000 5.1111 25.0000
1.0000 5.3535 43.6364
2.0000 5.5960 62.2727
3.0000 5.8384 80.9091
4.0000 6.0808 99.5455
5.0000 6.3232 118.1818
6.0000 6.5657 136.8182
7.0000 6.8081 155.4545
8.0000 7.0505 174.0909
9.0000 7.2929 192.7273
10.0000 7.5354 211.3636
11.0000 7.7778 230.0000
12.0000 7.9697 236.3636
13.0000 8.1616 242.7273
14.0000 8.3535 249.0909
15.0000 8.5455 255.4545
16.0000 8.7374 261.8182
17.0000 8.9293 268.1818
18.0000 9.1212 274.5455
19.0000 9.3131 280.9091
20.0000 9.5051 287.2727
21.0000 9.6970 293.6364
22.0000 9.8889 300.0000
23.0000 9.8737 302.3636
24.0000 9.8586 304.7273
25.0000 9.8434 307.0909
26.0000 9.8283 309.4545
27.0000 9.8131 311.8182
28.0000 9.7980 314.1818
29.0000 9.7828 316.5455
30.0000 9.7677 318.9091
31.0000 9.7525 321.2727
32.0000 9.7374 323.6364
33.0000 9.7222 326.0000
34.0000 9.6465 329.0909
35.0000 9.5707 332.1818
36.0000 9.4949 335.2727
37.0000 9.4192 338.3636
38.0000 9.3434 341.4545
39.0000 9.2677 344.5455
40.0000 9.1919 347.6364
41.0000 9.1162 350.7273
42.0000 9.0404 353.8182
43.0000 8.9646 356.9091
44.0000 8.8889 360.0000
45.0000 8.7980 355.9091
46.0000 8.7071 351.8182
47.0000 8.6162 347.7273
48.0000 8.5253 343.6364
49.0000 8.4343 339.5455
50.0000 8.3434 335.4545
51.0000 8.2525 331.3636
52.0000 8.1616 327.2727
53.0000 8.0707 323.1818
54.0000 7.9798 319.0909
55.0000 7.8889 315.0000
56.0000 7.8131 306.3636
57.0000 7.7374 297.7273
58.0000 7.6616 289.0909
59.0000 7.5859 280.4545
60.0000 7.5101 271.8182
61.0000 7.4343 263.1818
62.0000 7.3586 254.5455
63.0000 7.2828 245.9091
64.0000 7.2071 237.2727
65.0000 7.1313 228.6364
66.0000 7.0556 220.0000
67.0000 6.9798 212.5455
68.0000 6.9040 205.0909
69.0000 6.8283 197.6364
70.0000 6.7525 190.1818
71.0000 6.6768 182.7273
72.0000 6.6010 175.2727
73.0000 6.5253 167.8182
74.0000 6.4495 160.3636
75.0000 6.3737 152.9091
76.0000 6.2980 145.4545
77.0000 6.2222 138.0000
78.0000 6.1717 132.7273
79.0000 6.1212 127.4545
80.0000 6.0707 122.1818
81.0000 6.0202 116.9091
82.0000 5.9697 111.6364
83.0000 5.9192 106.3636
84.0000 5.8687 101.0909
85.0000 5.8182 95.8182
86.0000 5.7677 90.5455
87.0000 5.7172 85.2727
88.0000 5.6667 80.0000
89.0000 5.6465 78.0000
90.0000 5.6263 76.0000
91.0000 5.6061 74.0000
92.0000 5.5859 72.0000
93.0000 5.5657 70.0000
94.0000 5.5455 68.0000
95.0000 5.5253 66.0000
96.0000 5.5051 64.0000
97.0000 5.4848 62.0000
98.0000 5.4646 60.0000
99.0000 5.4444 58.0000
100.0000 5.4293 56.5455
101.0000 5.4141 55.0909
102.0000 5.3990 53.6364
103.0000 5.3838 52.1818
104.0000 5.3687 50.7273
105.0000 5.3535 49.2727
106.0000 5.3384 47.8182
107.0000 5.3232 46.3636
108.0000 5.3081 44.9091
109.0000 5.2929 43.4545
110.0000 5.2778 42.0000
111.0000 5.2778 41.6364
112.0000 5.2778 41.2727
113.0000 5.2778 40.9091
114.0000 5.2778 40.5455
115.0000 5.2778 40.1818
116.0000 5.2778 39.8182
117.0000 5.2778 39.4545
118.0000 5.2778 39.0909
119.0000 5.2778 38.7273
120.0000 5.2778 38.3636
121.0000 5.2778 38.0000
122.0000 5.2778 37.7273
123.0000 5.2778 37.4545
124.0000 5.2778 37.1818
125.0000 5.2778 36.9091
126.0000 5.2778 36.6364
127.0000 5.2778 36.3636
128.0000 5.2778 36.0909
129.0000 5.2778 35.8182
130.0000 5.2778 35.5455
131.0000 5.2778 35.2727
132.0000 5.2778 35.0000
133.0000 5.2778 34.9091
134.0000 5.2778 34.8182
135.0000 5.2778 34.7273
136.0000 5.2778 34.6364
137.0000 5.2778 34.5455
138.0000 5.2778 34.4545
139.0000 5.2778 34.3636
140.0000 5.2778 34.2727
141.0000 5.2778 34.1818
142.0000 5.2778 34.0909
143.0000 5.2778 34.0000
144.0000 5.2778 33.6364
145.0000 5.2778 33.2727
146.0000 5.2778 32.9091
147.0000 5.2778 32.5455
148.0000 5.2778 32.1818
149.0000 5.2778 31.8182
150.0000 5.2778 31.4545
151.0000 5.2778 31.0909
152.0000 5.2778 30.7273
153.0000 5.2778 30.3636
154.0000 5.2778 30.0000
155.0000 5.2778 30.0000
156.0000 5.2778 30.0000
157.0000 5.2778 30.0000
158.0000 5.2778 30.0000
159.0000 5.2778 30.0000
160.0000 5.2778 30.0000
161.0000 5.2778 30.0000
162.0000 5.2778 30.0000
163.0000 5.2778 30.0000
164.0000 5.2778 30.0000
165.0000 5.2778 30.0000
166.0000 5.2727 29.8182
167.0000 5.2677 29.6364
168.0000 5.2626 29.4545
169.0000 5.2576 29.2727
170.0000 5.2525 29.0909
171.0000 5.2475 28.9091
172.0000 5.2424 28.7273
173.0000 5.2374 28.5455
174.0000 5.2323 28.3636
175.0000 5.2273 28.1818
176.0000 5.2222 28.0000
177.0000 5.2222 27.8182
178.0000 5.2222 27.6364
179.0000 5.2222 27.4545
180.0000 5.2222 27.2727
181.0000 5.2222 27.0909
182.0000 5.2222 26.9091
183.0000 5.2222 26.7273
184.0000 5.2222 26.5455
185.0000 5.2222 26.3636
186.0000 5.2222 26.1818
187.0000 5.2222 26.0000
188.0000 5.2172 25.8182
189.0000 5.2121 25.6364
190.0000 5.2071 25.4545
191.0000 5.2020 25.2727
192.0000 5.1970 25.0909
193.0000 5.1919 24.9091
194.0000 5.1869 24.7273
195.0000 5.1818 24.5455
196.0000 5.1768 24.3636
197.0000 5.1717 24.1818
198.0000 5.1667 24.0000
199.0000 5.1616 23.8182
200.0000 5.1566 23.6364
201.0000 5.1515 23.4545
202.0000 5.1465 23.2727
203.0000 5.1414 23.0909
204.0000 5.1364 22.9091
205.0000 5.1313 22.7273
206.0000 5.1263 22.5455
207.0000 5.1212 22.3636
208.0000 5.1162 22.1818
209.0000 5.1111 22.0000
